Compound Id	Training set
2	432.09
3	315.76
4	270.59
6	285.79
9	456.87
10	458.62
12	339.98
13	384.63
14	608.4
15	436.04
16	446.66
17	557.8
18	387.64
19	521.96
21	461.91
22	425.53
23	518.85
27	409.23
28	443.74
29	599.42
31	578.64
32	387.86
34	366.81
35	291.98
36	349.18
37	278.76
38	266.2
39	352.81
40	390.82
41	309.43
42	402.52
43	416.09
44	406.72
46	376.1
47	293.89
48	335.89
49	330.61
50	287.2
51	401.34
52	256.48
53	256.48
55	369.99
57	370.71
59	456.51
60	370.15
61	509.33
62	560.19
63	407
64	539.29
65	384.64
66	336.72
67	395.3
68	493.8
69	441.57
71	255.8
72	367.91
73	319.81
74	302.58
75	358.17
76	400.06
78	326.98
79	280.54
80	333.73
81	267.45
83	259.65
85	319.89
87	317.08
88	303.37
89	251.29
90	258.83
91	251.84
92	230.38
93	227.96
94	295.51
95	226.92
96	227.92
97	236.9
98	367.42
99	334.25
100	420.09
101	318.74
102	324.45
103	353.15
104	389.45
106	408.37
107	411.07
108	341.08
109	492.05
110	424.69
111	327.17
112	310.39
113	460.95
114	393.82
115	329.51
116	301.12
117	349.55
118	363.56
120	283.52
121	289.13
123	383.46
124	406.59
126	289.02
127	336.49
129	338.33
130	345.38
131	392.13
132	264.18
133	271.72
134	276.41
135	266.06
136	271.46
137	272.99
138	344.08
141	336.45
142	353.86
143	297.86
144	275.86
145	481.71
146	414.42
147	356.07
148	323.52
149	375.43
152	315.14
153	312.92
154	471.32
155	404.15
156	342.07
157	465.06
158	410.98
159	312.51
162	366.59
163	369.61
164	294.32
165	304.1
166	300.63
167	440.08
168	373.02
169	298.68
170	367.45
171	346.15
173	321.88
175	328.7
176	243.74
178	266.84
179	253.85
180	256.16
181	245.28
182	258.67
184	371.51
185	392.07
187	267.38
188	316.65
189	379.85
190	297.22
191	294.31
192	237.82
193	261.99
195	276.93
197	296.01
198	345.91
199	313.33
200	292.44
202	321.14
203	228.11
204	201.04
205	251.97
206	410.87
207	429.58
208	362.47
209	419.12
212	344.8
213	397.59
214	400.41
215	330.06
216	295.8
217	371.59
219	369.87
220	276.39
221	276.39
222	302.52
224	396.61
225	314.9
226	383.69
228	275.62
229	346.97
231	262.42
233	371.56
234	240.88
235	281.9
238	242.18
239	278.95
240	265.43
241	307.14
242	271.71
244	314.7
245	314.66
246	263.19
247	240.8
250	376.67
251	398.34
252	409.93
253	353.11
254	389.67
255	287.86
256	287.91
257	332.18
259	416.19
261	328.35
262	318.6
263	318.6
264	341.13
265	341.13
266	331.86
267	325.26
269	341.47
270	288.37
271	280.34
272	280.36
273	327.02
274	275.24
275	291.32
276	316.09
277	266.26
279	284.99
280	275.62
281	368.14
282	311.78
283	354.2
284	300.39
285	293.89
286	293.89
287	305.88
288	343.55
289	261.25
290	297.44
291	309.12
292	329.52
294	279.29
295	361.1
296	279.04
298	251.72
299	251.72
300	284.24
301	262.77
302	253.51
303	253.52
304	259.87
305	259.88
306	275.74
307	223.63
308	303.43
309	223.58
310	289.28
311	311.01
312	247.24
313	442.56
315	340.32
316	322.79
317	323.08
319	350.96
320	414.32
321	221.96
322	263.66
323	317.45
324	298.84
325	312.36
326	286.85
328	271.57
331	307.41
332	376.5
333	313.43
334	303.36
335	378.71
337	413.25
338	353.9
340	373.15
341	336.81
342	314.37
343	315.68
344	316.17
345	285.9
347	321.58
348	436.05
350	423
351	309.3
352	271.27
357	293.78
358	369.58
359	322.75
360	324.13
361	290.49
362	287.71
363	279.45
364	285.32
365	301.42
366	283.3
367	283.3
368	270.25
369	270.02
370	270.02
371	379.35
374	310.5
375	298.5
376	295.44
377	295.45
378	297.91
380	253.82
381	283.67
382	295.31
383	356.26
384	335.52
385	358.19
386	280.49
387	301.71
388	479.1
389	308.59
390	330.15
391	295.45
392	296.06
393	296.06
394	288.87
395	481.52
396	305.91
397	329.16
399	492.7
401	405.1
402	483.71
403	434.25
404	394.01
405	388.17
406	212.26
407	315.87
410	282.53
412	287
413	299.23
415	294.38
416	295.25
417	315.25
418	294.95
419	294.95
420	346.2
423	356.84
425	279.6
426	271.05
427	326.28
428	315.99
429	370.19
430	322.03
431	252.7
432	346.69
433	336.52
434	305.6
436	283.75
437	247.39
438	383.22
439	252.31
440	287.49
441	352.87
442	335.67
444	345.4
445	342.39
446	342.63
447	344.69
448	386.46
449	369.34
450	360.41
453	375.32
454	356.46
455	452.06
456	377.26
457	379.01
459	340.5
460	321.4
461	342.37
462	332.4
463	414.15
465	384.6
466	337.23
467	320.02
468	337.87
470	337.93
471	327.54
475	351.76
477	342.91
478	405.25
479	361.73
480	345
481	418.51
482	407.78
484	421.79
486	471.66
488	461.31
489	399.33
490	392.27
491	461.28
492	395.14
493	333.96
496	382.07
497	355.17
498	323.8
499	343.91
500	381.84
501	354.99
502	324.25
503	342.63
504	342.43
505	354.91
506	401.98
507	395.95
508	331.33
509	308.75
510	343.13
511	374.22
512	315.87
514	373.62
515	362.25
516	343.59
519	316.59
520	364.93
521	357.73
522	340.05
523	319.32
524	327.12
525	335.97
527	322.86
528	340.2
529	329.99
530	352.27
531	351.65
532	342.53
533	332.62
534	333.24
535	341.82
536	334.47
538	327.03
539	415.54
540	329.5
541	352.68
542	331.11
543	354.28
544	329.59
545	342.46
546	334.05
547	349.16
548	335.58
549	335.53
550	337.9
551	319.69
552	327.61
553	327.62
554	345.41
555	359
556	332.7
557	400.78
558	330.14
561	364.78
562	392.1
563	410.79
564	318.6
565	327.05
566	312.01
567	361.94
569	350.72
571	304.16
572	342.43
573	381.53
574	470.24
575	370.75
577	393.56
578	340.34
579	339.29
580	321.07
581	431.43
582	421.16
585	347.24
586	354.85
587	424.72
588	441.25
590	391.99
593	384.28
594	389.65
595	391.87
596	394.24
597	320.62
599	365.75
600	359.07
601	399.17
602	456.92
603	432.21
604	437.78
605	384.24
606	411.13
608	354.82
609	370.56
610	354.42
611	346.18
612	427.18
613	362.52
614	354.24
615	353.17
616	369.27
617	329.43
618	381.9
619	258.85
620	273.17
621	342.96
623	283.95
624	281.17
626	382.07
628	331.78
629	283.94
631	327.34
632	258.34
633	276.91
634	295.9
635	263.59
636	289.05
637	247.98
639	286.69
640	242.95
641	236.82
642	269.88
643	249.85
644	249.45
646	292.16
647	369.69
648	512.88
649	458.15
650	277.07
651	319.33
652	350.12
654	338.57
656	325.09
657	299.6
658	334.17
659	326.05
660	355.15
666	263.09
667	283.98
668	271.87
669	224.35
671	299.37
672	386.53
673	315.45
674	303.82
675	303.06
677	388.4
678	377.55
679	316.11
680	383.53
681	292.95
682	334.69
684	304.42
685	320.47
686	314.76
687	295.03
688	342.58
689	341.9
690	294.37
691	285.32
692	336.84
694	325.88
695	331.02
697	300.17
698	428.09
699	309.89
700	307.18
701	249.9
703	303.94
704	277.5
705	277.3
707	290.49
708	291.58
710	281.49
711	274.64
712	261.3
713	306.1
714	351.86
715	332.09
716	313.49
717	505.84
719	392.72
720	343.63
721	405.35
722	411.49
723	349.13
724	340.83
725	322.26
726	301.38
729	310.01
730	332.66
731	444.01
733	413.78
734	364.63
735	423.39
738	251.7
739	258.98
740	309.76
741	269.88
742	287.35
744	215.63
745	238.5
746	288.62
747	256.74
748	242.65
749	338.31
750	314.5
751	285.01
754	274.46
755	301.11
756	231.28
759	187.02
760	339.12
761	302.93
762	310.4
763	201.81
764	332.58
765	396.25
766	431.45
767	408.5
768	397.13
769	379.44
770	360.14
771	395.12
772	368.59
773	373.86
774	348.06
775	360.7
776	340.68
777	316.53
778	355.67
779	326.03
780	444.79
781	399.94
782	478.79
784	419.06
785	399.4
786	352.26
787	320.59
788	351.4
789	335.77
790	309.44
791	325.74
792	314.65
794	309.66
796	339.83
798	374.33
801	337.77
802	264.8
803	257.63
804	233.71
805	221.66
806	249.06
807	228.11
808	334.98
809	451.04
810	201.41
811	291.47
812	295.97
813	292.41
815	332.41
816	355.14
817	280.11
818	269.42
819	324.55
820	314.24
822	344.98
823	334.8
825	362.93
826	282.01
829	257.93
830	433.7
833	298.97
836	281.94
837	297.55
838	281.11
839	295.81
840	277.55
841	283.1
842	273.61
843	477.17
844	359.59
845	404.83
846	286.3
847	292.11
848	379.55
849	455.11
852	307.11
854	301.32
855	256.44
856	348
858	303.38
859	289.32
861	285.71
862	265.46
863	272.75
864	278.85
865	282.62
866	266.22
867	258.26
869	271.11
872	466.82
873	493.53
874	470.18
878	347.56
880	424.75
881	360.66
882	421.32
883	384.86
884	280.14
886	391.93
887	393.64
888	317.61
889	354.55
890	387.84
891	427.8
892	340.88
893	236.93
894	354.95
895	273.2
896	296.74
897	228.19
898	185.62
899	202.92
900	229.18
903	253.35
904	241.64
905	193.26
907	251.38
908	205.62
909	243.16
910	405.77
911	219.55
912	304.07
913	347.2
914	451.53
915	393.95
916	386.57
917	446.26
918	377.07
919	410
920	404.4
922	436.14
924	438.8
926	389.69
927	369.73
930	239.49
931	410.9
932	485.89
934	301.37
935	411.11
936	334.67
937	308.26
938	306.91
942	381.98
943	366.03
944	306.93
945	310.92
946	400.5
947	475.65
948	457.47
950	315.84
951	286.34
952	390.33
956	302.56
957	307.1
958	308.92
959	308.95
960	296.27
961	294.14
962	290.81
963	487.47
964	370.98
965	381.32
966	424.72
967	299.09
968	273.34
969	236.38
970	370.65
971	317.07
973	283.62
974	247.09
975	225.96
977	368.96
978	444.82
979	273.86
980	237.42
981	326.05
983	278.8
985	284.06
987	287.47
989	247.5
990	274.57
992	275.45
993	258.36
994	266.25
995	247.7
996	257.84
997	235.64
998	248.73
999	270.81
1000	245.62
1001	238.68
1002	248.49
1003	321.69
1004	360.09
1006	286.79
1007	334.42
1008	360.47
1009	387.75
1010	325.43
1011	297.83
1012	306.55
1013	418.8
1014	327.33
1015	347.53
1016	347.36
1017	347.13
1020	353.32
1021	343.89
1024	359.97
1025	350.8
1026	340.24
1027	362.94
1028	359.24
1029	379.64
1030	364.3
1031	356.26
1032	420.76
1033	362.13
1034	353.3
1035	342.94
1036	361.81
1038	463.4
1039	484.96
1041	294.5
1042	392.68
1043	240.21
1044	259.7
1045	314.25
1046	334.89
1048	280.85
1050	296.49
1051	277.63
1052	279.57
1053	290.94
1054	243.56
1055	235.47
1056	254.14
1057	261.55
1058	276.89
1059	248.73
1060	243.15
1061	261.97
1062	365.2
1064	277.64
1065	271.52
1066	289.56
1067	208.7
1069	258.96
1070	233.35
1071	237.73
1072	178.4
1075	306.77
1077	216.48
1078	356.25
1079	356.26
1080	337.71
1081	265.31
1082	345.02
1083	354.57
1085	511.81
1086	338.4
1087	305.17
1088	342.39
1089	390.67
1091	324.68
1092	411.33
1095	276.01
1097	359
1098	323.26
1099	373.96
1100	334.79
1101	305.15
1103	281.19
1104	262.72
1105	293.95
1106	389.27
1107	349.54
1108	423.64
1109	422.22
1110	292.93
1111	448.18
1112	295.18
1113	315.85
1114	316.57
1115	304.1
1116	304.07
1118	297.29
1119	274.9
1120	265.92
1122	369.03
1123	393.64
1124	424.72
1127	200.36
1128	242.34
1130	220.72
1131	345.58
1133	183.64
1134	280.35
1135	274.74
1137	362.84
1140	328.13
1141	579.69
1142	346.63
1143	348.21
1144	310.11
1145	358.91
1146	484.4
1147	358.27
1148	434.53
1149	408.53
1151	286.35
1153	301.56
1154	294.46
1155	311.75
1156	320.97
1158	301.7
1159	307.96
1160	425.01
1162	271.68
1163	363.5
1164	347.42
1166	319.03
1169	330.01
1170	378.57
1171	403.31